$ANSIBLE_VAULT;1.1;AES256
66396535623339356662633032363034346330386638383132303131626662376439323761646239
3333356637353539353430656462643131373366343533630a633365303836623564353439633461
39613238653165643430656131623539383163353733373566666631643734373234373036666238
6230323465386634390a373339643161643864633532653664303263396632343461343862626664
63333961386534656533353838396338666661333334346133303935316436303933363766666264
35626538303066633763313262653764326638316562363439343364333739323135316232616162
36306465366532616632303933306131626234366432366635653030666135626430643863303530
30616465616233316364396537343263363531316265326135323234396637666430643830313164
64373631333031366233616235376565623361623666376565373634376231336662386565616366
33386336393564313065393561346134396639623165393362353133343039353764323538323963
35636564643534653465313039356666626634626562666639653661336338366261656434666331
37383364656334333731383365316531613331633862383133393034326636646137353930353566
66393936386363373162303735313566396535633530353532353632363761633938363064336236
39393135336634623134383935336331303737306536646435373038613432656339353464363936
62333363386262313335336165303737396131643437353736613630633937373863326464633436
31353236393764393836336663616531643032663466646633346534626433306337633861633661
37316566663436323663373863653331656235366631383531376432383564656432353237623535
61383363656636636562333966336438643432373462396636393138363537373935656539393534
61393238366339613339366236653634663862353236363762646131643836383961343164313738
37323636393733616261353733623037353137353535613039653062346161646333633064306564
64303130326334323535656531653233333165396564333331623465316638636634623430303732
65346266613765653937393761353062303036326638366564343130343763353561343333373762
33333031356362626431356565313733376565336563363133326139643135333966333735636638
31376238613438326536643438633539373734636364376661326564396639313437616264633331
61306236323163646436306464303637313539626463643935313833393161633036383765323833
66383330333032636362666462383736323163323037353233363331666662626439323361626533
33646564396633663464383231613433333731393531646337313539323732353531316461323330
38303366383031626366653262613433373836366464393938616264353730363634653336656136
39326433333162653764626637343336363431376364336637343639356664646262336565326462
6164373563386163643532376133363161393130373535623564
